0 hammer  l:101 607 -166   j:79.81 50.28 75.01 0.18 54.57 78.85
1 monkey  l:157 419 -167   j:68.65 33.8 109.09 -0.15 37.27 68.27
2 6wrench l:272 425 -155   j:56.42 37.25 99.26 0.19 42.69 56.2
3 screwdriver   l:310 587 -163 j:61.47 56.34 61.99 0.15 61.64 60.73
4 pipewrench    l:67 408 -166  j:79.66 31.12 114.97 0.15 34.32 78.98
5 wrench   l: 216 603 -166   j:69.59 53.29 68.79 0.17 57.73 68.68
6 knief   l:395 584 -162   j:55.25 62.47 49.19 0.15 68.27 54.64
7 volt  l: 346 461 -153   j:52.29 44.29 84.69 0.29 50.14 51.95
        l: 346 370 -154   j:46.23 37.3 98.82 0.13 43.2 46.21
8 nut   l: 420 377 -154   j:41.15 43.19 87.18 0.13 48.88 41.06
        l: 418 467 -153   j:47.51 50.28 72.65 0.01 56.35 47.4
